0.11
0.10
0.10
0.47
0.47
0.46
0.00
0.00
0.00
0.13
0.13
0.13
0.00
0.00
0.00
0.00
0.00
0.00
0.23
0.21
0.20
0.11
0.10
0.10
9.76
9.77
9.76
53.14
50.92
53.37
0.08
0.07
0.08
13.26
13.25
13.25
0.08
0.08
0.08
0.06
0.06
0.06
20.19
20.19
21.93
12.36
12.36
12.36
244.92
244.38
243.92
1335.76
1336.73
1153.51
0.26
0.32
0.31
237.47
197.52
332.48
0.43
0.47
0.47
0.34
0.43
0.39
400.10
500.83
500.80
284.79
284.80
284.62
852.13
981.81
927.51
4294.91
4260.86
4987.73
0.87
1.01
0.99
956.07
840.35
1337.42
0.86
0.98
0.99
0.69
0.81
0.82
1930.42
702.23
1768.58
640.70
647.55
625.53
15969.26
25278.47
1.59
5454.00
1.54
1.17
10031.41
4312.36
